5.01e-01, 5.01e-01, 1.00e-10, 1.00e-10, 1.00e-10, 1.00e-10, 1.00e-10, 1.00e-10, 1.00e-10, 1.00e-10, 1.00e-10, 1.00e-10, 1.00e-10, 1.00e-10, 1.00e-10, 1.00e-10, 1.00e-10, 1.00e-10, 1.00e-10, 1.00e-10, 1.00e-10
4.36e-01, 4.83e-01, 1.49e-10, 1.49e-10, 1.49e-10, 1.50e-10, 1.50e-10, 1.52e-10, 1.54e-10, 1.53e-10, 1.49e-10, 1.44e-10, 1.41e-10, 1.39e-10, 1.37e-10, 1.35e-10, 1.33e-10, 1.31e-10, 1.30e-10, 1.28e-10, 1.28e-10
3.81e-01, 4.62e-01, 2.10e-10, 2.11e-10, 2.11e-10, 2.12e-10, 2.14e-10, 2.19e-10, 2.24e-10, 2.21e-10, 2.10e-10, 1.99e-10, 1.91e-10, 1.85e-10, 1.81e-10, 1.76e-10, 1.72e-10, 1.67e-10, 1.63e-10, 1.60e-10, 1.59e-10
3.34e-01, 4.40e-01, 2.87e-10, 2.88e-10, 2.89e-10, 2.90e-10, 2.95e-10, 3.05e-10, 3.15e-10, 3.09e-10, 2.88e-10, 2.66e-10, 2.52e-10, 2.42e-10, 2.33e-10, 2.25e-10, 2.18e-10, 2.10e-10, 2.03e-10, 1.97e-10, 1.96e-10
2.94e-01, 4.18e-01, 3.80e-10, 3.82e-10, 3.84e-10, 3.86e-10, 3.94e-10, 4.12e-10, 4.28e-10, 4.18e-10, 3.83e-10, 3.48e-10, 3.25e-10, 3.09e-10, 2.95e-10, 2.83e-10, 2.71e-10, 2.59e-10, 2.47e-10, 2.39e-10, 2.37e-10
2.59e-01, 3.96e-01, 4.89e-10, 4.94e-10, 4.96e-10, 5.00e-10, 5.12e-10, 5.40e-10, 5.66e-10, 5.51e-10, 4.97e-10, 4.44e-10, 4.10e-10, 3.86e-10, 3.67e-10, 3.49e-10, 3.31e-10, 3.13e-10, 2.97e-10, 2.85e-10, 2.82e-10
2.30e-01, 3.74e-01, 6.15e-10, 6.22e-10, 6.26e-10, 6.32e-10, 6.50e-10, 6.91e-10, 7.29e-10, 7.08e-10, 6.30e-10, 5.56e-10, 5.07e-10, 4.75e-10, 4.48e-10, 4.23e-10, 3.98e-10, 3.74e-10, 3.52e-10, 3.36e-10, 3.32e-10
2.04e-01, 3.52e-01, 7.56e-10, 7.66e-10, 7.72e-10, 7.81e-10, 8.07e-10, 8.64e-10, 9.17e-10, 8.88e-10, 7.82e-10, 6.81e-10, 6.16e-10, 5.73e-10, 5.37e-10, 5.04e-10, 4.71e-10, 4.40e-10, 4.11e-10, 3.90e-10, 3.85e-10
1.81e-01, 3.31e-01, 9.10e-10, 9.24e-10, 9.33e-10, 9.45e-10, 9.81e-10, 1.06e-09, 1.13e-09, 1.09e-09, 9.52e-10, 8.20e-10, 7.35e-10, 6.80e-10, 6.34e-10, 5.92e-10, 5.50e-10, 5.10e-10, 4.74e-10, 4.47e-10, 4.41e-10
1.61e-01, 3.11e-01, 1.08e-09, 1.09e-09, 1.11e-09, 1.12e-09, 1.17e-09, 1.27e-09, 1.36e-09, 1.31e-09, 1.14e-09, 9.69e-10, 8.64e-10, 7.95e-10, 7.38e-10, 6.85e-10, 6.34e-10, 5.84e-10, 5.39e-10, 5.06e-10, 4.99e-10
1.44e-01, 2.91e-01, 1.25e-09, 1.27e-09, 1.29e-09, 1.31e-09, 1.37e-09, 1.49e-09, 1.61e-09, 1.55e-09, 1.33e-09, 1.13e-09, 1.00e-09, 9.15e-10, 8.47e-10, 7.82e-10, 7.20e-10, 6.60e-10, 6.06e-10, 5.66e-10, 5.58e-10
1.29e-01, 2.72e-01, 1.43e-09, 1.46e-09, 1.48e-09, 1.51e-09, 1.58e-09, 1.73e-09, 1.88e-09, 1.81e-09, 1.54e-09, 1.29e-09, 1.14e-09, 1.04e-09, 9.59e-10, 8.82e-10, 8.09e-10, 7.38e-10, 6.74e-10, 6.27e-10, 6.18e-10
1.16e-01, 2.54e-01, 1.61e-09, 1.65e-09, 1.68e-09, 1.71e-09, 1.80e-09, 1.98e-09, 2.15e-09, 2.07e-09, 1.76e-09, 1.47e-09, 1.28e-09, 1.17e-09, 1.07e-09, 9.84e-10, 8.98e-10, 8.16e-10, 7.42e-10, 6.87e-10, 6.77e-10
1.04e-01, 2.37e-01, 1.80e-09, 1.84e-09, 1.87e-09, 1.92e-09, 2.02e-09, 2.23e-09, 2.44e-09, 2.34e-09, 1.98e-09, 1.64e-09, 1.43e-09, 1.30e-09, 1.19e-09, 1.08e-09, 9.86e-10, 8.92e-10, 8.08e-10, 7.46e-10, 7.34e-10
9.36e-02, 2.21e-01, 1.98e-09, 2.03e-09, 2.07e-09, 2.12e-09, 2.23e-09, 2.48e-09, 2.72e-09, 2.61e-09, 2.19e-09, 1.81e-09, 1.57e-09, 1.42e-09, 1.30e-09, 1.18e-09, 1.07e-09, 9.67e-10, 8.72e-10, 8.03e-10, 7.89e-10
8.44e-02, 2.05e-01, 2.15e-09, 2.21e-09, 2.26e-09, 2.31e-09, 2.45e-09, 2.73e-09, 3.00e-09, 2.88e-09, 2.41e-09, 1.98e-09, 1.71e-09, 1.54e-09, 1.41e-09, 1.28e-09, 1.16e-09, 1.04e-09, 9.33e-10, 8.56e-10, 8.42e-10
7.62e-02, 1.91e-01, 2.32e-09, 2.39e-09, 2.44e-09, 2.50e-09, 2.65e-09, 2.97e-09, 3.27e-09, 3.14e-09, 2.62e-09, 2.14e-09, 1.85e-09, 1.66e-09, 1.51e-09, 1.37e-09, 1.23e-09, 1.11e-09, 9.90e-10, 9.06e-10, 8.91e-10
6.89e-02, 1.78e-01, 2.48e-09, 2.55e-09, 2.61e-09, 2.68e-09, 2.85e-09, 3.19e-09, 3.53e-09, 3.40e-09, 2.82e-09, 2.29e-09, 1.98e-09, 1.77e-09, 1.61e-09, 1.46e-09, 1.31e-09, 1.17e-09, 1.04e-09, 9.52e-10, 9.35e-10
6.24e-02, 1.65e-01, 2.62e-09, 2.71e-09, 2.77e-09, 2.85e-09, 3.03e-09, 3.41e-09, 3.78e-09, 3.63e-09, 3.00e-09, 2.44e-09, 2.09e-09, 1.88e-09, 1.70e-09, 1.53e-09, 1.38e-09, 1.22e-09, 1.09e-09, 9.93e-10, 9.76e-10
5.66e-02, 1.53e-01, 2.76e-09, 2.85e-09, 2.92e-09, 3.00e-09, 3.20e-09, 3.61e-09, 4.02e-09, 3.86e-09, 3.18e-09, 2.57e-09, 2.20e-09, 1.97e-09, 1.78e-09, 1.61e-09, 1.44e-09, 1.28e-09, 1.13e-09, 1.03e-09, 1.01e-09
5.14e-02, 1.42e-01, 2.88e-09, 2.98e-09, 3.05e-09, 3.14e-09, 3.36e-09, 3.79e-09, 4.23e-09, 4.06e-09, 3.34e-09, 2.69e-09, 2.30e-09, 2.06e-09, 1.86e-09, 1.67e-09, 1.49e-09, 1.32e-09, 1.17e-09, 1.06e-09, 1.04e-09
4.67e-02, 1.32e-01, 2.98e-09, 3.09e-09, 3.17e-09, 3.27e-09, 3.50e-09, 3.96e-09, 4.42e-09, 4.24e-09, 3.48e-09, 2.80e-09, 2.39e-09, 2.13e-09, 1.92e-09, 1.73e-09, 1.54e-09, 1.36e-09, 1.20e-09, 1.09e-09, 1.07e-09
4.25e-02, 1.22e-01, 3.07e-09, 3.19e-09, 3.27e-09, 3.38e-09, 3.62e-09, 4.10e-09, 4.59e-09, 4.41e-09, 3.61e-09, 2.90e-09, 2.47e-09, 2.20e-09, 1.98e-09, 1.77e-09, 1.58e-09, 1.39e-09, 1.23e-09, 1.11e-09, 1.09e-09
3.87e-02, 1.13e-01, 3.15e-09, 3.27e-09, 3.36e-09, 3.47e-09, 3.72e-09, 4.23e-09, 4.74e-09, 4.55e-09, 3.72e-09, 2.98e-09, 2.53e-09, 2.25e-09, 2.03e-09, 1.81e-09, 1.61e-09, 1.42e-09, 1.25e-09, 1.13e-09, 1.11e-09
3.53e-02, 1.05e-01, 3.21e-09, 3.34e-09, 3.43e-09, 3.55e-09, 3.81e-09, 4.34e-09, 4.87e-09, 4.68e-09, 3.81e-09, 3.05e-09, 2.59e-09, 2.30e-09, 2.06e-09, 1.85e-09, 1.64e-09, 1.44e-09, 1.26e-09, 1.14e-09, 1.12e-09
3.22e-02, 9.71e-02, 3.26e-09, 3.39e-09, 3.49e-09, 3.61e-09, 3.88e-09, 4.43e-09, 4.98e-09, 4.78e-09, 3.89e-09, 3.10e-09, 2.63e-09, 2.33e-09, 2.09e-09, 1.87e-09, 1.66e-09, 1.45e-09, 1.28e-09, 1.15e-09, 1.13e-09
2.94e-02, 8.99e-02, 3.30e-09, 3.43e-09, 3.54e-09, 3.66e-09, 3.94e-09, 4.50e-09, 5.07e-09, 4.86e-09, 3.95e-09, 3.14e-09, 2.66e-09, 2.36e-09, 2.12e-09, 1.89e-09, 1.67e-09, 1.46e-09, 1.28e-09, 1.15e-09, 1.13e-09
2.69e-02, 8.32e-02, 3.33e-09, 3.46e-09, 3.57e-09, 3.70e-09, 3.98e-09, 4.56e-09, 5.14e-09, 4.93e-09, 4.00e-09, 3.17e-09, 2.69e-09, 2.38e-09, 2.13e-09, 1.90e-09, 1.68e-09, 1.47e-09, 1.28e-09, 1.15e-09, 1.13e-09
2.46e-02, 7.70e-02, 3.34e-09, 3.48e-09, 3.59e-09, 3.72e-09, 4.01e-09, 4.60e-09, 5.19e-09, 4.98e-09, 4.03e-09, 3.19e-09, 2.70e-09, 2.39e-09, 2.14e-09, 1.90e-09, 1.68e-09, 1.47e-09, 1.28e-09, 1.15e-09, 1.13e-09
2.25e-02, 7.13e-02, 3.35e-09, 3.49e-09, 3.60e-09, 3.73e-09, 4.03e-09, 4.62e-09, 5.22e-09, 5.01e-09, 4.05e-09, 3.20e-09, 2.70e-09, 2.39e-09, 2.14e-09, 1.90e-09, 1.67e-09, 1.46e-09, 1.27e-09, 1.14e-09, 1.12e-09
2.06e-02, 6.60e-02, 3.35e-09, 3.49e-09, 3.60e-09, 3.74e-09, 4.03e-09, 4.63e-09, 5.24e-09, 5.03e-09, 4.06e-09, 3.20e-09, 2.70e-09, 2.38e-09, 2.13e-09, 1.89e-09, 1.67e-09, 1.45e-09, 1.26e-09, 1.13e-09, 1.11e-09
1.88e-02, 6.10e-02, 3.34e-09, 3.48e-09, 3.59e-09, 3.73e-09, 4.03e-09, 4.63e-09, 5.25e-09, 5.03e-09, 4.06e-09, 3.20e-09, 2.69e-09, 2.37e-09, 2.12e-09, 1.88e-09, 1.65e-09, 1.44e-09, 1.25e-09, 1.12e-09, 1.10e-09
1.73e-02, 5.65e-02, 3.32e-09, 3.46e-09, 3.58e-09, 3.71e-09, 4.01e-09, 4.62e-09, 5.24e-09, 5.02e-09, 4.04e-09, 3.18e-09, 2.67e-09, 2.36e-09, 2.10e-09, 1.86e-09, 1.64e-09, 1.42e-09, 1.24e-09, 1.11e-09, 1.08e-09
1.58e-02, 5.22e-02, 3.30e-09, 3.44e-09, 3.55e-09, 3.69e-09, 3.99e-09, 4.60e-09, 5.23e-09, 5.01e-09, 4.02e-09, 3.16e-09, 2.65e-09, 2.34e-09, 2.08e-09, 1.84e-09, 1.62e-09, 1.41e-09, 1.22e-09, 1.09e-09, 1.07e-09
1.45e-02, 4.83e-02, 3.27e-09, 3.41e-09, 3.53e-09, 3.66e-09, 3.96e-09, 4.58e-09, 5.20e-09, 4.98e-09, 4.00e-09, 3.13e-09, 2.63e-09, 2.31e-09, 2.06e-09, 1.82e-09, 1.60e-09, 1.39e-09, 1.20e-09, 1.07e-09, 1.05e-09
1.33e-02, 4.47e-02, 3.24e-09, 3.38e-09, 3.49e-09, 3.63e-09, 3.93e-09, 4.54e-09, 5.17e-09, 4.95e-09, 3.96e-09, 3.10e-09, 2.60e-09, 2.28e-09, 2.03e-09, 1.80e-09, 1.57e-09, 1.36e-09, 1.18e-09, 1.05e-09, 1.03e-09
1.22e-02, 4.14e-02, 3.20e-09, 3.35e-09, 3.46e-09, 3.60e-09, 3.89e-09, 4.50e-09, 5.13e-09, 4.91e-09, 3.93e-09, 3.07e-09, 2.56e-09, 2.25e-09, 2.00e-09, 1.77e-09, 1.55e-09, 1.34e-09, 1.16e-09, 1.03e-09, 1.01e-09
1.12e-02, 3.83e-02, 3.17e-09, 3.31e-09, 3.42e-09, 3.56e-09, 3.85e-09, 4.46e-09, 5.09e-09, 4.87e-09, 3.88e-09, 3.03e-09, 2.53e-09, 2.22e-09, 1.97e-09, 1.74e-09, 1.52e-09, 1.31e-09, 1.14e-09, 1.01e-09, 9.90e-10
1.03e-02, 3.54e-02, 3.13e-09, 3.27e-09, 3.38e-09, 3.52e-09, 3.81e-09, 4.42e-09, 5.04e-09, 4.82e-09, 3.84e-09, 2.99e-09, 2.49e-09, 2.18e-09, 1.94e-09, 1.71e-09, 1.49e-09, 1.29e-09, 1.11e-09, 9.90e-10, 9.69e-10
9.45e-03, 3.28e-02, 3.09e-09, 3.23e-09, 3.34e-09, 3.48e-09, 3.77e-09, 4.37e-09, 4.99e-09, 4.77e-09, 3.79e-09, 2.95e-09, 2.45e-09, 2.15e-09, 1.90e-09, 1.68e-09, 1.46e-09, 1.26e-09, 1.09e-09, 9.68e-10, 9.47e-10
8.68e-03, 3.04e-02, 3.05e-09, 3.19e-09, 3.30e-09, 3.43e-09, 3.73e-09, 4.33e-09, 4.94e-09, 4.72e-09, 3.75e-09, 2.90e-09, 2.41e-09, 2.11e-09, 1.87e-09, 1.64e-09, 1.43e-09, 1.24e-09, 1.06e-09, 9.45e-10, 9.25e-10
7.97e-03, 2.81e-02, 3.02e-09, 3.15e-09, 3.26e-09, 3.39e-09, 3.68e-09, 4.28e-09, 4.90e-09, 4.68e-09, 3.70e-09, 2.86e-09, 2.37e-09, 2.07e-09, 1.83e-09, 1.61e-09, 1.40e-09, 1.21e-09, 1.04e-09, 9.23e-10, 9.03e-10
7.33e-03, 2.60e-02, 2.98e-09, 3.12e-09, 3.23e-09, 3.35e-09, 3.64e-09, 4.24e-09, 4.85e-09, 4.63e-09, 3.66e-09, 2.82e-09, 2.33e-09, 2.03e-09, 1.80e-09, 1.58e-09, 1.37e-09, 1.18e-09, 1.02e-09, 9.01e-10, 8.82e-10
6.73e-03, 2.41e-02, 2.95e-09, 3.08e-09, 3.19e-09, 3.32e-09, 3.60e-09, 4.20e-09, 4.81e-09, 4.59e-09, 3.61e-09, 2.78e-09, 2.29e-09, 2.00e-09, 1.76e-09, 1.55e-09, 1.34e-09, 1.16e-09, 9.93e-10, 8.79e-10, 8.60e-10
6.19e-03, 2.23e-02, 2.92e-09, 3.05e-09, 3.16e-09, 3.28e-09, 3.57e-09, 4.16e-09, 4.77e-09, 4.55e-09, 3.57e-09, 2.74e-09, 2.26e-09, 1.96e-09, 1.73e-09, 1.52e-09, 1.31e-09, 1.13e-09, 9.69e-10, 8.58e-10, 8.39e-10
5.69e-03, 2.07e-02, 2.89e-09, 3.03e-09, 3.13e-09, 3.25e-09, 3.54e-09, 4.13e-09, 4.74e-09, 4.51e-09, 3.53e-09, 2.70e-09, 2.22e-09, 1.93e-09, 1.70e-09, 1.48e-09, 1.29e-09, 1.10e-09, 9.46e-10, 8.37e-10, 8.18e-10
5.23e-03, 1.92e-02, 2.87e-09, 3.00e-09, 3.10e-09, 3.23e-09, 3.51e-09, 4.10e-09, 4.71e-09, 4.48e-09, 3.50e-09, 2.66e-09, 2.19e-09, 1.89e-09, 1.66e-09, 1.46e-09, 1.26e-09, 1.08e-09, 9.24e-10, 8.16e-10, 7.98e-10
4.81e-03, 1.78e-02, 2.85e-09, 2.98e-09, 3.08e-09, 3.21e-09, 3.49e-09, 4.08e-09, 4.69e-09, 4.46e-09, 3.47e-09, 2.63e-09, 2.16e-09, 1.86e-09, 1.63e-09, 1.43e-09, 1.23e-09, 1.06e-09, 9.03e-10, 7.97e-10, 7.78e-10
4.42e-03, 1.65e-02, 2.84e-09, 2.97e-09, 3.07e-09, 3.19e-09, 3.47e-09, 4.07e-09, 4.68e-09, 4.44e-09, 3.45e-09, 2.60e-09, 2.13e-09, 1.83e-09, 1.61e-09, 1.40e-09, 1.21e-09, 1.03e-09, 8.82e-10, 7.78e-10, 7.59e-10
4.06e-03, 1.53e-02, 2.84e-09, 2.96e-09, 3.06e-09, 3.18e-09, 3.46e-09, 4.06e-09, 4.68e-09, 4.44e-09, 3.43e-09, 2.58e-09, 2.10e-09, 1.81e-09, 1.58e-09, 1.37e-09, 1.18e-09, 1.01e-09, 8.62e-10, 7.59e-10, 7.41e-10
3.73e-03, 1.42e-02, 2.84e-09, 2.96e-09, 3.06e-09, 3.18e-09, 3.46e-09, 4.07e-09, 4.70e-09, 4.44e-09, 3.42e-09, 2.56e-09, 2.08e-09, 1.78e-09, 1.56e-09, 1.35e-09, 1.16e-09, 9.90e-10, 8.44e-10, 7.42e-10, 7.24e-10
3.43e-03, 1.32e-02, 2.84e-09, 2.97e-09, 3.07e-09, 3.19e-09, 3.47e-09, 4.09e-09, 4.72e-09, 4.46e-09, 3.41e-09, 2.54e-09, 2.06e-09, 1.76e-09, 1.53e-09, 1.33e-09, 1.14e-09, 9.71e-10, 8.26e-10, 7.26e-10, 7.08e-10
3.15e-03, 1.23e-02, 2.86e-09, 2.99e-09, 3.08e-09, 3.20e-09, 3.49e-09, 4.11e-09, 4.76e-09, 4.49e-09, 3.42e-09, 2.54e-09, 2.04e-09, 1.74e-09, 1.51e-09, 1.31e-09, 1.12e-09, 9.53e-10, 8.09e-10, 7.10e-10, 6.92e-10
2.90e-03, 1.14e-02, 2.89e-09, 3.02e-09, 3.11e-09, 3.23e-09, 3.52e-09, 4.16e-09, 4.82e-09, 4.53e-09, 3.43e-09, 2.53e-09, 2.03e-09, 1.73e-09, 1.50e-09, 1.29e-09, 1.11e-09, 9.37e-10, 7.94e-10, 6.96e-10, 6.78e-10
2.66e-03, 1.06e-02, 2.93e-09, 3.05e-09, 3.15e-09, 3.27e-09, 3.56e-09, 4.22e-09, 4.89e-09, 4.59e-09, 3.46e-09, 2.54e-09, 2.02e-09, 1.72e-09, 1.48e-09, 1.28e-09, 1.09e-09, 9.22e-10, 7.80e-10, 6.83e-10, 6.65e-10
2.45e-03, 9.92e-03, 2.98e-09, 3.11e-09, 3.20e-09, 3.32e-09, 3.62e-09, 4.29e-09, 4.99e-09, 4.68e-09, 3.50e-09, 2.55e-09, 2.02e-09, 1.71e-09, 1.47e-09, 1.27e-09, 1.08e-09, 9.09e-10, 7.68e-10, 6.71e-10, 6.53e-10
2.25e-03, 9.25e-03, 3.04e-09, 3.17e-09, 3.27e-09, 3.39e-09, 3.70e-09, 4.39e-09, 5.12e-09, 4.78e-09, 3.55e-09, 2.57e-09, 2.03e-09, 1.71e-09, 1.47e-09, 1.26e-09, 1.07e-09, 8.98e-10, 7.57e-10, 6.60e-10, 6.42e-10
2.07e-03, 8.64e-03, 3.13e-09, 3.26e-09, 3.35e-09, 3.47e-09, 3.79e-09, 4.52e-09, 5.27e-09, 4.91e-09, 3.62e-09, 2.60e-09, 2.04e-09, 1.71e-09, 1.47e-09, 1.25e-09, 1.06e-09, 8.88e-10, 7.47e-10, 6.50e-10, 6.32e-10
1.90e-03, 8.07e-03, 3.23e-09, 3.36e-09, 3.46e-09, 3.58e-09, 3.91e-09, 4.67e-09, 5.46e-09, 5.07e-09, 3.71e-09, 2.64e-09, 2.06e-09, 1.72e-09, 1.47e-09, 1.25e-09, 1.05e-09, 8.81e-10, 7.39e-10, 6.42e-10, 6.23e-10
1.74e-03, 7.55e-03, 3.36e-09, 3.49e-09, 3.59e-09, 3.71e-09, 4.06e-09, 4.86e-09, 5.69e-09, 5.27e-09, 3.82e-09, 2.69e-09, 2.09e-09, 1.73e-09, 1.47e-09, 1.25e-09, 1.05e-09, 8.76e-10, 7.33e-10, 6.35e-10, 6.16e-10
1.60e-03, 7.07e-03, 3.51e-09, 3.65e-09, 3.75e-09, 3.87e-09, 4.24e-09, 5.09e-09, 5.98e-09, 5.51e-09, 3.96e-09, 2.76e-09, 2.12e-09, 1.76e-09, 1.48e-09, 1.25e-09, 1.05e-09, 8.73e-10, 7.28e-10, 6.30e-10, 6.10e-10
1.47e-03, 6.63e-03, 3.70e-09, 3.85e-09, 3.94e-09, 4.07e-09, 4.46e-09, 5.37e-09, 6.32e-09, 5.81e-09, 4.13e-09, 2.85e-09, 2.17e-09, 1.78e-09, 1.50e-09, 1.26e-09, 1.05e-09, 8.73e-10, 7.26e-10, 6.26e-10, 6.06e-10
1.35e-03, 6.23e-03, 3.93e-09, 4.08e-09, 4.18e-09, 4.31e-09, 4.72e-09, 5.71e-09, 6.74e-09, 6.17e-09, 4.33e-09, 2.95e-09, 2.23e-09, 1.82e-09, 1.52e-09, 1.28e-09, 1.06e-09, 8.75e-10, 7.25e-10, 6.24e-10, 6.03e-10
1.24e-03, 5.86e-03, 4.22e-09, 4.37e-09, 4.47e-09, 4.60e-09, 5.05e-09, 6.12e-09, 7.25e-09, 6.60e-09, 4.58e-09, 3.08e-09, 2.30e-09, 1.87e-09, 1.56e-09, 1.29e-09, 1.07e-09, 8.80e-10, 7.27e-10, 6.24e-10, 6.02e-10
1.14e-03, 5.53e-03, 4.56e-09, 4.72e-09, 4.82e-09, 4.96e-09, 5.44e-09, 6.62e-09, 7.87e-09, 7.13e-09, 4.88e-09, 3.23e-09, 2.40e-09, 1.93e-09, 1.59e-09, 1.32e-09, 1.09e-09, 8.89e-10, 7.31e-10, 6.26e-10, 6.03e-10
1.04e-03, 5.22e-03, 4.98e-09, 5.16e-09, 5.25e-09, 5.39e-09, 5.92e-09, 7.24e-09, 8.64e-09, 7.78e-09, 5.25e-09, 3.42e-09, 2.51e-09, 2.00e-09, 1.64e-09, 1.35e-09, 1.11e-09, 9.01e-10, 7.38e-10, 6.29e-10, 6.05e-10
9.56e-04, 4.94e-03, 5.51e-09, 5.69e-09, 5.78e-09, 5.93e-09, 6.52e-09, 8.01e-09, 9.59e-09, 8.59e-09, 5.70e-09, 3.65e-09, 2.64e-09, 2.09e-09, 1.70e-09, 1.39e-09, 1.13e-09, 9.17e-10, 7.48e-10, 6.35e-10, 6.10e-10
8.76e-04, 4.69e-03, 6.16e-09, 6.35e-09, 6.44e-09, 6.60e-09, 7.26e-09, 8.96e-09, 1.08e-08, 9.59e-09, 6.25e-09, 3.93e-09, 2.80e-09, 2.20e-09, 1.78e-09, 1.44e-09, 1.17e-09, 9.38e-10, 7.61e-10, 6.44e-10, 6.17e-10
8.03e-04, 4.46e-03, 6.98e-09, 7.19e-09, 7.27e-09, 7.43e-09, 8.19e-09, 1.02e-08, 1.23e-08, 1.08e-08, 6.93e-09, 4.27e-09, 3.00e-09, 2.33e-09, 1.86e-09, 1.50e-09, 1.21e-09, 9.64e-10, 7.77e-10, 6.55e-10, 6.27e-10
7.36e-04, 4.26e-03, 8.03e-09, 8.25e-09, 8.33e-09, 8.49e-09, 9.36e-09, 1.17e-08, 1.42e-08, 1.24e-08, 7.78e-09, 4.69e-09, 3.24e-09, 2.48e-09, 1.97e-09, 1.57e-09, 1.25e-09, 9.96e-10, 7.98e-10, 6.70e-10, 6.39e-10
6.74e-04, 4.07e-03, 9.38e-09, 9.62e-09, 9.68e-09, 9.85e-09, 1.09e-08, 1.37e-08, 1.67e-08, 1.45e-08, 8.85e-09, 5.21e-09, 3.54e-09, 2.67e-09, 2.10e-09, 1.66e-09, 1.31e-09, 1.03e-09, 8.24e-10, 6.88e-10, 6.55e-10
6.18e-04, 3.91e-03, 1.11e-08, 1.14e-08, 1.14e-08, 1.16e-08, 1.28e-08, 1.62e-08, 1.99e-08, 1.71e-08, 1.02e-08, 5.85e-09, 3.90e-09, 2.91e-09, 2.26e-09, 1.77e-09, 1.38e-09, 1.08e-09, 8.55e-10, 7.10e-10, 6.74e-10
5.66e-04, 3.77e-03, 1.35e-08, 1.38e-08, 1.38e-08, 1.39e-08, 1.54e-08, 1.96e-08, 2.42e-08, 2.06e-08, 1.20e-08, 6.66e-09, 4.34e-09, 3.19e-09, 2.45e-09, 1.90e-09, 1.47e-09, 1.14e-09, 8.93e-10, 7.37e-10, 6.98e-10
5.18e-04, 3.65e-03, 1.67e-08, 1.70e-08, 1.69e-08, 1.70e-08, 1.88e-08, 2.42e-08, 3.01e-08, 2.54e-08, 1.43e-08, 7.70e-09, 4.90e-09, 3.54e-09, 2.68e-09, 2.05e-09, 1.57e-09, 1.21e-09, 9.38e-10, 7.70e-10, 7.26e-10
4.74e-04, 3.55e-03, 2.10e-08, 2.13e-08, 2.11e-08, 2.12e-08, 2.36e-08, 3.06e-08, 3.83e-08, 3.18e-08, 1.73e-08, 9.02e-09, 5.60e-09, 3.97e-09, 2.96e-09, 2.24e-09, 1.69e-09, 1.29e-09, 9.92e-10, 8.08e-10, 7.59e-10
4.34e-04, 3.47e-03, 2.72e-08, 2.75e-08, 2.71e-08, 2.71e-08, 3.01e-08, 3.94e-08, 4.98e-08, 4.08e-08, 2.15e-08, 1.08e-08, 6.49e-09, 4.51e-09, 3.31e-09, 2.46e-09, 1.84e-09, 1.38e-09, 1.06e-09, 8.54e-10, 7.99e-10
3.97e-04, 3.40e-03, 3.60e-08, 3.63e-08, 3.56e-08, 3.55e-08, 3.95e-08, 5.22e-08, 6.65e-08, 5.37e-08, 2.72e-08, 1.31e-08, 7.64e-09, 5.20e-09, 3.74e-09, 2.74e-09, 2.02e-09, 1.50e-09, 1.13e-09, 9.09e-10, 8.47e-10
3.63e-04, 3.36e-03, 4.91e-08, 4.93e-08, 4.81e-08, 4.77e-08, 5.31e-08, 7.11e-08, 9.14e-08, 7.26e-08, 3.52e-08, 1.62e-08, 9.14e-09, 6.07e-09, 4.29e-09, 3.09e-09, 2.24e-09, 1.64e-09, 1.23e-09, 9.74e-10, 9.03e-10
3.32e-04, 3.34e-03, 6.91e-08, 6.90e-08, 6.69e-08, 6.60e-08, 7.36e-08, 9.98e-08, 1.30e-07, 1.01e-07, 4.67e-08, 2.04e-08, 1.11e-08, 7.20e-09, 4.98e-09, 3.52e-09, 2.51e-09, 1.81e-09, 1.34e-09, 1.05e-09, 9.70e-10
3.04e-04, 3.35e-03, 1.00e-07, 9.97e-08, 9.60e-08, 9.42e-08, 1.05e-07, 1.45e-07, 1.90e-07, 1.45e-07, 6.37e-08, 2.64e-08, 1.38e-08, 8.69e-09, 5.87e-09, 4.07e-09, 2.85e-09, 2.02e-09, 1.47e-09, 1.15e-09, 1.05e-09
2.78e-04, 3.38e-03, 1.51e-07, 1.49e-07, 1.43e-07, 1.39e-07, 1.56e-07, 2.17e-07, 2.88e-07, 2.16e-07, 8.95e-08, 3.49e-08, 1.75e-08, 1.07e-08, 7.03e-09, 4.76e-09, 3.27e-09, 2.28e-09, 1.63e-09, 1.26e-09, 1.15e-09
